0 0 0 0 0 -1
-0.19658595 19.934633 268.96796 6.280108 -0.06359916
24
0 25 0 -50 25 0 -100 15 3.1 1 0.3 0 0 1
1 -25 0 -50 25 0 -50 15 4.7 1.5 0.11 0.08 0 6
2 13 0 0 10 0 0 20 1 1 0 0 0 0
3 15 0 30.01 -15 0 30.1 20 1 1 0.995 0 0 5
4 15 0 0 15 0 30 20 0.3 0.8 0 0.25 0 0
5 15 0 -36 90 0 30 40 5.8 1 0 0 0 0
6 90 0 30 -90 0 30 40 12.8 1 3.487 0 0 0
7 -15 20 -48 15 20 30 20 2.3 0.5 0.38 0 0 0
8 55 0 30 55 0 70 12 2.8 0.3 0.05 9 0 0
9 55 0 70 80 0 70 12 2 0.3 2 9 0 0
10 80 0 30 80 0 260 31 10 0.77 1 0.3 0 0
11 -80 0 30 -80 0 260 31 10 0.77 1 0.3 0 0
12 -55 0 30 -55 0 70 12 2.8 0.3 0.05 9 0 0
13 -80 0 70 -55 0 70 12 2 0.3 2 9 0 0
14 -90 40 20 -90 40 260 6 9.7 1 3.3 0 0 4
15 90 40 20 90 40 260 6 9.7 1 3.3 0 0 4
16 -90 10 260 -60 10 260 36 2.5 1.1 1.4 0 0 7
17 -60 10 260 -25 10 260 36 2.8 1.1 1.1 0 0 7
18 25 10 260 91 10 260 36 4.5 1.1 0 0 0 7
19 25 10 276 25 10 260 36 1 1.1 0 0 0 7
20 -25 10 260 -25 10 276 36 1 1.1 0 0 0 7
21 -25 10 276 25 10 276 20 5 1.3 0 0.79 0 8
22 -60 46 260 -90 46 260 20 2.5 0.6 1.6 0 0 7
23 -60 46 260 -60 46 281 20 2 0.6 0 0 0 7
50
1000 -80 0 0 80 0 0 80 0 90 1 1 0 0 0 1 2
1001 -25 0 -50 25 0 -100 -25 0 -100 1 1 0 0 0 1 4
1002 -25 15 -50 25 15 -50 25 15 -100 1 1 0 0 0 1 7
1003 -25 15 -50 25 15 -100 -25 15 -100 1 1 0 0 0 1 7
1004 -80 0 0 -81 0 90 80 0 90 1 1 0 0 0 1 2
1005 90 40 30 80 31 260 80 31 30 1 1 0 0 270 1 3
1006 55 12 30 55 12 70 80 19 30 1 0.3 0 2.05 270 1 3
1007 80 19 30 80 19 67 55 12 70 1 0.3 0 2.05 270 1 3
1008 90 40 30 90 40 260 80 31 260 1 1 0 0 270 1 3
1009 -80 31 30 -80 31 260 -90 41 30 1 1 0 0 90 1 3
1010 -80 31 260 -90 41 260 -90 41 30 1 1 0 0 90 1 3
1011 90 46 20 90 40 30 -90 40 30 1 1 0 0 0 1 3
1012 -90 46 20 90 46 20 -90 40 30 1 1 0 0 0 1 3
1013 55 12 70 80 19 67 80 12 70 1.24 2.5 0 -0.61 0 1 3
1014 80 9 220 80 0 90 65 0 90 1 1 0 0 0 1 2
1015 -55 12 30 -55 12 70 -80 19 30 1.04 0.3 0 -1.17 90 1 3
1016 -80 19 30 -80 19 67 -55 12 70 1.04 0.3 0 2.15 90 1 3
1017 -80 19 67 -55 12 70 -80 12 70 1.24 2.5 -0.04 0.2 0 1 3
1018 65 9 220 65 0 90 80 9 220 1 1 0 0 0 1 2
1019 24 9 237 25 15 260 80 15 260 1 1 0 0 0 1 1
1020 24 9 237 80 15 260 80 9 237 1 1 0 0 0 1 1
1021 -80 9 237 80 9 220 80 9 237 1 1 0 0 0 1 2
1022 -80 9 237 80 9 220 -80 9 220 1 1 0 0 0 1 2
1023 -65 9 220 -65 0 90 -80 9 220 1 1 0 0 0 1 2
1024 -10 0 90 10 0 90 -10 9 220 1 1 0 0 0 1 2
1025 -80 0 90 -65 0 90 -80 9 220 1 1 0 0 0 1 2
1026 -10 9 220 10 0 90 10 9 220 1 1 0 0 0 1 2
1027 65 9 220 10 6 177 10 9 220 1 1 0 0 0 1 1
1028 65 9 220 10 6 177 65 7.5 198 1 1 0 0 0 1 2
1029 -65 9 220 -10 6 177 -65 7.5 198 1 1 0 0 0 1 2
1030 10 4.5 155 10 6 177 65 7.5 198 1 1 0 0 0 1 2
1031 -10 4.5 155 -10 0 90 -65 7.5 198 1 1 0 0 0 1 1
1032 -10 4.5 155 -10 6 177 -65 7.5 198 1 1 0 0 0 1 2
1033 -10 9 220 -10 6 177 -65 9 220 1 1 0 0 0 1 1
1034 -65 0 90 -10 0 90 -65 7.5 198 1 1 0 0 0 1 1
1035 10 0 90 65 0 90 65 7.5 198 1 1 0 0 0 1 1
1036 10 0 90 10 4.5 155 65 7.5 198 1 1 0 0 0 1 1
1037 25 46 260 90 57 275 91 46 260 1 0.65 0 2.92 180 1 3
1038 25 46 260 25 46 276 35 57 275 1 0.86 0 2.47 270 1 3
1039 -25 46 260 -60 57 275 -35 57 275 1 0.65 0 2.92 180 1 3
1040 25 46 260 90 57 275 35 57 275 1 0.65 0 2.92 180 1 3
1041 -25 46 260 -25 46 276 -35 57 275 1 0.78 0 2.45 90 1 3
1042 -25 46 260 -60 46 260 -60 57 275 1 0.65 0 2.92 180 1 3
1043 -25 46 260 -60 46 260 -60 57 275 1 1 0 0 0 1 1
1044 -25 9 237 -80 9 237 -80 15 260 1 1 0 0 0 1 1
1045 -25 9 237 -80 15 260 -25 15 260 1 1 0 0 0 1 1
1046 -25 9 237 25 15 260 -25 15 260 1 1 0 0 0 1 2
1047 24 9 237 25 15 260 -25 9 237 1 1 0 0 0 1 2
1048 26 15 277 25 15 260 -38 15 280 1 1 0 0 0 1 2
1049 -28 15 260 25 15 260 -25 15 276 1 1 0 0 0 1 2
